1170 1778  386 5521 4748 3751 4353 2042  487 8337 
4367 1245 8084 9435 9199 6307 1924 4455 8085 3802 
3269 8469 9318 5020 3363 8295 9641 8779 5251   85 
9573 2773 8215 6311 8294 2963 6414 8999 1357 6902 
7337 2077 4499 5421 1512 3698 8081 3436 4505 6166 
3590 7775 4635 2909 2795 4350 7556 2436 9482 9159 
8873 5407 8284 7088 1719 6578 6404 4485 1929 4113 
1387 9266 6190 2238 1040 7702 5937 5473 1139  442 
1639 4729 8217 2626 3990 1012 3329 7898 9800 2811 
7057 5025 8218 5341 8466 6289 8271 4870 7127  201 
8983 8514 5819 1526  753 3211 9228 3042 8684 6719 
3484 6675 7801 8054 9302 1791 5418 2631 6042 1571 
1794 3099 6596 6364 4793 5062 2654 9416 6284 9781 
5969 1620 4647 1789 3146 1752 1352 2374 1146   37 
9094  983 6712 6895 9037 2366 5038  807 4997 1080 
2378 6791  532 8975 3156 5325 4037 2162 1093  322 
8295 7063 8294 9294 8852 1440 7399 6556 3814 8545 
6593 9260 9528 9658 2507 4917 2024 3898 5725 3374 
1330 8103 6517 1862 3430 6025 3539 7468 4539 4633 
4142 2834 1696 2436 8481 6900  228 2232 3456 4042 
 777 6402 9655 6658 6060 8514 7927 4436 2412 3652 
7810 3743 8108  680 1957 1538 6705 5497 5358 1245 
6482 5852  431 8178 8288 5264 1430 4868 7496 4886 
5263 8274 1288 4918 1284 3700 9784 9211 8137 2197 
9216 2299 2292 3676 2979  601 1566 9685 2450 6925 
7282 8932 2777 4065 3462 7418 9330 4892 2286 6826 
6131 7549 1452 3771 8819 2736 7472 8604 8300 1961 
7153 3868 4260 5797 7544 3592 6398 9110 9629 8849 
2387 6911 4133 1517  976 7596 5287 6658 2488 3925 
3485 4971 7827 1289 8743 2998 4026 6215 7954 8678 
4528 1459 2546 8788 7256 6442 8732    7 1904 8361 
5208 4292 1624 9341 2161 8953 3289 7448 5611 2130 
1373 5448 7101 5552 6738 5844 8551 7116 8411 6505 
5794 2939 7965 4692 8080 1573 7486 3164 1580 9390 
1526 3140   34 3150 8834 2195 2103 2123 5995 4067 
 605 7369 9515 7707 9273 6253 9903 7824 3369 4667 
4330 5515 3958 8647 6559 8390  220 4045 1555 8153 
9788 3081 1293 9822 2583  127 8370 1039 8603 4365 
5106 5560 8086 4621 3267 7360  875 9523 5184  596 
4190 5866 6112 4500 4513 2671 2891 1086 3069  798 
9239 2857 3879 6884 9031 2814 3364 7401 3853 8319 
1767 8959 3879 9853 3581 3499 3565  808 3022 8750 
1404 3564  968 3868 4416 1834 2892 7307 2920 2313 
8105 8511 5170 8336 1747  553 7503 5111 4307 1356 
3430 6074 6668 3662 2279 6601 7161 5845 7409 6535 
 947 5165   99 1915 5386 4515  101 8278 8175 3021 
6943 2632 7884 2113 7321 9632 9018 4824 1095 3325 
6180  878 5751 9200 4540 4383 5801 1701 6580 9562 
8236 7527 1080 4687 5794 6466 5554 5896 1096   81 
5269 8039 2714 9506 6504   35 9138 5522 1211  233 
5200 7391 7463  951 2944 2003 5334 8745   56 1914 
8308 4644 5793 9388 5683 7940 2206 7590  188 3302 
7671 5457 7693 6737 4963 4197 6772  453 6071 7983 
7039 1271 1727 4502 8575 4671 2858 3909 9768 2914 
2176 4428 3911 4321  168 9594 2261 2374 7184 2449 
2028 4856 4259 9721 1593 5574  270 4718 6028 6342 
9053 3067 3965 7132 7569 2540 8155  427 2802 7924 
9694 4978 2352 3605 5651 8873 3199 4265 1247 6736 
3066 9628 1592 7325 5701 9537 2900 5972  607 8928 
8666 9661 8347 2631 3145 2268 5172 1301 9048 4326 
9225 8742 5656 7929 8699 1307 3154 8250 5572 4402 
4986 8639  382 2930 2316 6083 8820 1568 8407 9427 
6848 7073 5440 5195 6057 8586 7464 1229 9887 2864 
1907 5464 7958 7563 9745 6657 8870 2900 4907  795 
3654 6246 5786 4036 9176 8102 6471 4348 9671 4879 
3776 6519 8304 9216 8067 4361 4154 1883 1942  393 
4747 3849 5857 2705 1412 1955 9362  283 1207  621 
1078 4861 3219 3216 5249 8748 1318 8072 3096 7341 
2951 6872  213 1256 2441 4632 5617 6595 6515 7560 
6989 1262 7761 9198  319 9174 7505 6033 9457 8712 
3006 6887 9925 6226  103 1526 4974 7773 9599 8070 
1467 8902 4943 8032 6510 3736 2664 8480  331 5531 
2392 3672 3145  153 9223 3464 9327 6728 9497 5136 
1793 2503 8375 8070 5081 4830 9597   55 2604 5548 
8126  423 4450 9421 4807 7313 3157 7471 5793 9840 
3002 8185 9865 6147 8338 9088 5963 4018 2168 1812 
9154 3961  667 7530 8384 5749 2360 7981 5804 1316 
9881  282 8091 4331 6055 2898 7996 9212 6721 3789 
5405 9723 1974 5270 2222 6665  710 4537 7035 2878 
6349 6189 3192 7017   71 1576 2766 8784 5909 4922 
 100 5790 5205 4544 6473 1260 7442 4470 6825 4164 
8259 8582  239 6586  204 8814 9603  914 3351 6638 
 144 6053 9179 9688 3070 9251 1264 2188 4387 3525 
7110 4487 5667 8667 5383 2141 6280 2826 2963 9457 
3342 1222 8039 3581 4160 8243 8747  115 5509 8451 
3105 2005 4504 2285 1694 3926 7888 9310 6114 2275 
2836 9576 3114 8503 4596 8498 6996  876 1324 9959 
6685 4666 7534 4724 4599 8046 9319 3347 8162 1180 
8150 1267 3185 2654 9904 1231 6580 7792  542 9046 
  67 9730 4974 9534 4585 9570 8032 1582 6798 9356 
7893 3483  374 1779 4559 1325 9826  230 1024 4340 
1410 9174 1959  948 1828 1864 2179 4760 6008 2721 
3806 2428 2451 8781 1962 3389 4703 9994 1323 1502 
5702 9216 4985 2428 7348 9545 3753 3526 9775 4778 
7866 7538  304 6177 8486 2133 4393  665 3245  402 
9739 7052 9182 8542 2185 1144 1931 6888 7490 3254 
4742 3192 8823 9728 5620 6171 5625 5725 9697 5400 
6855 3915 9290 7160 6444 7776 5645  838 4794 8890 
7592 4533 2294 6774 3075  831 4270 1359 7720 1760 
 965 2462 1304 9788 8542 3276 2311 4167 9001 8360 
5920 2209 2275 5210 9369 8720 9339 5014 9558 4133 
 256 3502 5018 8903  276 8093 9734  898 5804 3806 
2658 6770 2621 3962 2910 1163 7238 5222 1683 2591 
3582 7603 4800 2210 9165  521  930 8504 1887 6840 
8989 2144 6694 4007 1047 6970 8453  781 4220 4257 
 940 6878 7379 3561 7192  290 4724  782 1864 2759 
3373 1798  362 4526 4008 5880 5047 1290  736 3287 
4482 9726 5431 1176 3733 2830 4498 2186 9963 8718 
2796  903 1948 6527 4464 9140 3169 5541 6274 5033 
8300 6000 3184 5015  526 3544  895 1925 1187 7983 
5212 5669 7709 6995 3198 7795 9825 4048 6333 6141 
9119 5481 7044 7419 2009 7861 2912 5178 3402 9186 
6564 1702 5186 9748 6717 2064 3292 3964 3990  831 
8300 5554 2853 6009 2550 6051  156 8727 6451 2842 
4868 1922 8323 8265 9342 6684 6126 8606 1863 9528 
7792 4779 7582 2979 4527  652 5043 4171  968 5385 
5003 9268  940 7856 1630 9842  259 1786 8569 3062 
 980 9790 1337 9304 8055 7031 5988 4181 5637 4203 
  61 3429 8982 3995 2760 9861 4647 7804  385 5616 
9541 1740 1236  481 5948 2866 6675 6207 1005 5245 
5621 1985 5035 6958 7641 9442 3989 9982 9975 9626 
4185 6388 9408 9520  383 2168 9381 5031 6324 6118 
6999 5866 7858 8235 2699 3806 7454 9375 6365 8459 
 972 1987  444 2359 5297 8086 1801 9287 8068 1776 
5265 8605 8164 1025 8125 4899 3194 3859 9930 9518 
9977 3281 1736 7836 1517  788 1642 8971  163 4360 
3782 1135 6347 4226 3494 1644 8664 1647 7283 3084 
9775 8901 8042 4291 9926 2519 9190 9472 6378 5473 
8991 2708 8754 7079 6896 6623 7867 4890 1946 4382 
9250 5728 5517 5597 6307 5363 3594 1323 3362 7229 
4408 3137 6130 8802 7428 2409 1321 6619 1881 4052 
8444 7224 6760 7198 4304 3656 3822 8523 8546 5768 
2906 7797 7849 4775 9746 4156 6491 9692 5479 9853 
6922 6239 2991 9404 5041 6771 1813 2715 9742   47 
6767 8186 7271 3527 1737 7927 3535 5559 6451 2081 
7679 5709 6230 5528 6836 2329 6036 3327 2021 1516 
9533 8943 4107 8876 4700 5501 5647 6513 8216 1742 
2912 4983 9928  184 4862 1665 4463 8397 3576 7266 
6830 1256 2975 9413 3136 6164 1742 5525 9491 3763 
7041 9024 9059 7500 7900 3759 3001 9900 6624 1217 
1642 9537 6200 1570 6073 7414 9588  536 2163 3164 
4155 5346  772 7130 4759  261 3294 2853 5786 9138 
2968 9179 4514 8379 6679 8767 2138 9681 8667 5115 
 898  309 4652 3451 8231 7077 7217 4171 3965 9381 
3688 8120 4727  812 1603 5838 1073 1249 5043 3211 
 387 4363 2390 4902 2743 5422 3669 1233 5103 8688 
6348 2353 8997 7352 2156 3580 4429 9374 7752 8395 
5107 1440 6515 9834 2252 4470 2024 9678 5720 3419 
9241 6107 7782 1632 7361 6877 3406 7382 8111 8509 
6070 4459 7214 1419 8164 9371 1352 8945 5097 5456 
3692  204 3248 6560 6390 1852 1030 4766 1530 6750 
8185  772 2858 2319 8756 6571 9197 2162 3954 7308 
7023 6376 8119  589 4148 2635 6312 5500 1581 1409 
7308 5273 7965  556 1833 4355 2408 2864 9121  291 
9614 3658 7415 8824 5978 6171 5396 5175 4685 5702 
8835 8060 8430 3306 5001 2578 5942 1314 4430 7523 
9075 1738 2796 7041 8646  982 1396 1055 3846 6870 
1346 3460  528 5113 8637 2858 7636 4033 4385 8673 
6087 3220 6733 4517 6527 8086 3448 8821 9400 7878 
6344 4828 5969 5492 1869 4615 6474 9617 2022  320 
6487 3368  133 3368 4833 8770 6226 2469 9155  612 
1142 5242  184 4227 6111 3063 2314 9559 1884 8066 
3790 4580 2894 9759   73 1115 4374 6547  733 6397 
3220 3572 6117 3353 6940 7303 8475 9519 9772 3982 
6483  915 5576 3019 1494 1687 6083 3808 7599 4319 
1875 1389 8900 1121 1148 8973 2237 1874 5520 2970 
4623 5092 2894 7093 8445 9835 4396 3272 5706 4168 
7254 8541 1435 9182 1560 2930  870 7643 3090 8469 
1963 1317 9858 7215 2439 7358 6188 4676 9232 8060 
3998 3856 3153 6892 7301 7950 3079 1697 7575 5137 
5865 1181 3678 3653  364 5239 6583 7586 9234 9673 
6055 7549 7343 2265 4764 9782 5975 7304  810 5207 
5365 1160 5415 4870 4404 2716 9172 3836 4413 6747 
8973 6631 7929 9004  284 8293  595 3219 2231 6181 
9244 8286   83 6587 6903 4847 6369 2878 8504 3531 
4437  221 4691 6205 5091 5448 5273  615 9284 9687 
7363 4609 2670 5292 9965 9306 9937  560 2525 2168 
3094 1769 6806 3177 4709   61 4376 7430 9291 2880 
 962 3728 3101 2005 6285 4544 3805 1559 5160 3089 
1246 8875 4051  268  519 4016 9574 6808  929 8451 
5328  375 6572 8486 3552 1281 8547 7928 8712 7838 
7161 6026 7918 6614 4383 4204 7511 8189 5763 9023 
7630 3361 7898 1681 9981 8417 2050 9555 5225 9331 
4358 6905 9706  930 5391 9610 8564 3938 7538 3628 
8128 1051 6006 2398 7666  389 6602 5177 4930 8717 
4200 2561 8430 8450  594 8411 3219 2644 4318 8444 
8327 8676 1701 4385 5959 7092 3995  875 7382 7886 
 855 5510 8937 6861 4260 6603 7250 7215 8132 2181 
5932 8684 1094  715 3486 1688 9126 6705  685 3445 
1501 5364 8473 3202 9750  784  294 3745 8011 7676 
1631 8866 9538  569 5727 3799 3524 9330 1014 8009 
7863 3298 3045 5309 4013 6532 6997 3140 3237 7682 
2937 4739 9399 7762 7941 9149 4899 4588 2894 2910 
8616  878 1777 8155 7799 3856 8306 1323 9538 9320 
5684 7401 8970 8730 2710 2984 1614 6060 2476 4851 
  94 1765 5942 9493 9527  236 8642 4426 4824 7889 
7337 3440 8767 5466 7947 6566 9322 6253 4241 8861 
5573 9926 2614  896 5008 1677 3880 6622 7737 2708 
1473 7831 4473 3768 7325 4000 4004 2319 4779 8828 
 208 2116 8620 8975 3934 6568 1893 3256 2821 6135 
8469 4747 2413 1084 5643 7421 2761 5875 4043  498 
8583 1868 4681 3056 5636 8358 3408 5992 7030 8187 
1172 7238 6655 9793 2566  589 2713 4459  198 1886 
6946 8667 6633 9359 9751 8628 3132 8864  855 3527 
5714 5790 1748  396 8846 3736 5106 8607 9729 2136 
3146  901 5727 9802 7046 8293  391 9759 9104  589 
1646 2403 5609 4631 8114 5360 9612 1247  577  467 
1126 6291 6258 2874 3039 1456 6611 4498 6415 2692 
6634 9562 3593 8713 9364  640 3358 6107  399 2463 
3049 8397 1218 5010 3029 9332 6722 2641 6931 7299 
9460 8058 9943 2070  932 2982 9879 3895 7480 2646 
6587  467 2208  181 9180 7924 7173 2539  384 3924 
1354 9785 2322 8924 4795 1703 8256 1517  696 5188 
8817 6508 3246 8760 4931  530 8094 4810 4426 1927 
7456 1013 2394 6017 7546 7926 3941 4719 6817  677 
4996 4523  462 3670 3447 5257 1725 1704 6775 2421 
3244 1944 5281 6490  704  212 7020 8798 1374 7798 
 725 5183 8812 9471 1200 6358 3750 1493 7430  567 
2171 8778 5091 2633 2448 4890 4243  525 2946 1018 
2946 6190 9314 4579 9032   18 4792 2405 5168 6166 
 203 2246 1349 9015 1717 8901 1726 1819  395 5508 
2387 8918 4286 3830 1551 3086 8720 2146 3611 1667 
9516 2909 4209 8830 3840 3242 8848 8632 5647  369 
1151 2202 2615 8852 7570  684 7754 9296 2504 4501 
1156 1243 3419 1794 5073 1322 1232  145 3469 1195 
8164 2985 4104 2374 1816 4296 1968 7016 2929 7615 
7385  432 6169    0 9284 3739 7037 3390 3035 9541 
7891  543  784 1310 2337 2209 2633 3569 8706 6102 
4764 6871 5439 5220 5597 7255 9517 7565 4272 8798 
1532 1657 9230 7701 8010 4866 1441 5047 8257  828 
 940 6148 1372 8076 3811   61  285 6444 3631 8991 
8898 4747 2214 4337 9968 7811 1593 5837 1728 2217 
4635 3260  226  217 7314 8236 5083 8755 9635 9692 
5935  575 5841 3659 5003 6004 3721 1640 2448 7352 
6984 7698 2099 9198 2035 8419 3362 9980 4256 5090 
8549 8891 4703 8776 5460 8369 7012 6896 7124 3000 
6588 9411 9927 8781 3071 4931 4785 6792 6571 7233 
4144 3555 1283 2595 9106 3319 1015 2468 9651 1623 
3910 8201 6867 4965 6977 2327 3334  341 9223 6810 
3341 5812 6222 3269  945 9293 4552 5731 2437 1123 
9316 2933 1031  600 5528  137  271 2895 2605 9922 
4519 2867 8123 7738 7833 1452   65 1167 1794 5641 
7978 1487 7805  552 1108 8750 6197 5660  833 8634 
3136  150 1567 4167 7102 3447  656 7373 2695 9613 
7295 3566 2480 1771 1304  313 3223 7721 7833 1369 
3362 2163 2857 1167 2715  317 9918 8912 5978  751 
7546 5466 7253 5465 9633 4355 5264 6641 8080 7959 
6254 1728 1525 8734 3499 9181 5400 3074 6903 3233 
4444  265 1748 3653 7785 4463 3970 4055 3375 6300 
4806 7273 1766 8412 9090 7751 9119 4354  744 7200 
2314 6998 8928  191 5733 8779 9373 7485 1853 6276 
7070 2649 2893 8818 2654  678 3281 2977 4733 3008 
9277 5892 6633 7396  656 5723 1499 9775   77 2244 
6975 8743 5594 2255 8935 1327 1034 4660 5164 2888 
7288 2234 1889 6533 1052 4544 7212  685 7521 8297 
3693 3150  541  326 6898 1197 2401 4750  973 8831 
6994 4300 7574 2588 6556 2861  268 7590 3873 5432 
 478 1161 4019 8720 4047 5071 3264 1259 5757  785 
5908 5802  287 6450 2481 7186 7647 4882 1936 4972 
3713 5282 9273 7640 4222 5829 6853  842 3419  727 
2627  250 8240 6646 8970 2287 8069 8586 9898 3826 
5723 5807 5981 6010 8609 8462 9548 6256 9696 7836 
7581 3410 9470 6854 7402   45 2683 4255  887 2454 
1334 9866 9056 5927 6512 4378 8214  934 2964 4465 
4760 8687 6624  741 1050 5233 5555  598 7841 5252 
4787 5422 5014 4257 2276 2416  654 1311 3023 7894 
 118  710 7760 9174 6637  625 9905 4851 1559 2869 
5668 2671 7909 2292 3413 8959 3877 5320 5909 1719 
 572 7048 3493 5586 7658 2122 8002 8312 3433 7378 
6206 9903 8088 3967 5430 4725 4592 5335 5928 2503 
4556 1597 5174 2465  241 4939 7776 4119  260   38 
2190  832 7086 5683 6419 4744 7805  773 3057 7591 
4503 9263 7494 2591 9582 2924 7316  526 4611 9597 
3029 9168 7546 4556 7985 7787 9495 5762 1906 6107 
5800  448 6940 9238 6132 9711 3983  289 6836 3392 
4232 1340 9007 1727 3931 8590 1003 7600 5468 1967 
7197 8498 1135 4743 9406 5472 8882 8901 1234  789 
5009 3386 7589 8301 2625 3721 4364 2960  363 1200 
2704 4595 2540 1711 2674 6472 6653   30  424 2122 
1997 7621 6972 9484 8716 6378 4956 7598 1631 6191 
4739 6640 5929 2329 1293 4906 2402 5657 4218 9117 
6858 6922 3713 9398 4986 6387 2222 1639 2769 8998 
3761 4766 6619  733 4250 1687 7111 9207 5638 8743 
1750  377 1735 4031 9058 9381 5290 7813 5038 9508 
6930 8248 6431 6995 3999 1417 9735 2573 9408 2504 
1572 3170 7271 4543  255 7873 6231 3719 3432 1869 
8814 1534 8598 6901 5566 4009 6282  856 8174 7673 
 364 5104 5921 3147 8452 6272  916 8187 8846  325 
 691  418 9847 4314 4961  102 2188 7544 3821 1972 
5765 8987 3507  716 5889 9073 4725 2171 6281 9251 
9844 2997 4355 2118 2497 9159 8390 3413 7346 7236 
  90 4390 7654 9937 5056 8968 6392 3596 6512 6565 
5569 2278 5553 9076 2994 1442 4501 4071 3613 7134 
3322 9810  131 4029 1928 2628 3189 6670 2394 6887 
3907 8836 7629 7913 8774 2686 3233 1518 6282 9746 
8083 8203 8376 3636 7279 7722 1430 8132 1793 1396 
5266 1467 1206 1750 5496 9486 4378 5037 6156 3124 
8277 6415 1961 5906  681 7087 4944 3914 8605 1227 
  12 3040 5782 8388 6677 3062 6110 8107 7546 4255 
9503 2813 5722 7061  915 7571 2899 5293 8960 5408 
4770 3589 8175 3083 9496 8856  170  792 2771 5127 
8371 2783 8167 4154 7524 4844 3568 9986 9304 1114 
4242 5159  279 6316 8573 1194  239 1472 2840 5552 
6880 7610 9141 5056  693 4989  264 7215 5782 9387 
2342 4153 2171  509 8307 6047 1706 1875 6033 1010 
2990  275 2521 9621 2944 1094  816 3183 8919 3656 
8735 2151 7618 4229 3559 4663 9218 3824 1878 5000 
3211 4220 9154 1734 1081 7461 4133 2787 5689  167 
 149 5031 6794 2671 4652 9738  117 5468 9274 5388 
5476 4361 7540 9446 4942 1099 4109 4161 1275 2339 
9161  839 6559 4667 8925 7641 2129 3059 6780 4170 
3226 6930 9201 6372 5953 3853 2463 2422 5674 1737 
7811 7502 2450 5351 3301 7393 2802 7410 7906  430 
9750 7067 1269 2661 1735  194 6654  216 3253 3435 
4386 2831 6717 9939 9204 2670  144 1667 5092 5818 
9756 9255 9673 8558  958 2974 2303 3761 6736  209 
 543 6486 7277 8164 5500 5364 8358 2154 1932 7964 
1941 2670 7147 8658 2609 2703 7680 2753 4370 9125 
4924  478 8380  949 5389 9339 3923 7692 9452  659 
7902 6347 3498 1531 4511 5350 3247 9221 3856 5179 
3537 5798 7849  685  808 6810 3388 4841 9563 4111 
3966  839 4589 8698 1788 6330 4389 5711 4023  193 
2723 1925 6540 2573 9808 7403 7923 3055 6625 8131 
4586  162  281 2435  847 1090 9245  588 2283 5160 
4699 2601 6000 5640 1299 4140 1971 2041 6204 2346 
2234 8927  623 5127 7852  431 2530 2127 9838 9155 
 258 4424 5670  540 3211 2869 7982 8808 3457  265 
3968 4508 2866 6320 6501  517  461 8472 2558 6665 
 818 1145 1944 7793 6272 6148 8224 8802 8275 8062 
4310 8533 8838 6332 5425 2049 9201 9759  857 9011 
  24 1177 3519 9242 7498   20 9760 4311 4844 8670 
7328 2014 9815 9272 9807 6087 5420 4383 1242   47 
8797 1904 4932 7635 8236  358 9684 3789  117  541 
2800 6494 8071 2672 5736 5569 9044 1848 6232  241 
 519 3560 2255  334 9184 8415 2774  956 2798 4016 
1003 1596 2272 2287 9231 6860 2645 5268 7001 9115 
2161 9802 1961  232 8826 4049 2153 7870 5898 8385 
4463 6417 8297 6719 3103 7481 1486 5877 4789 4284 
6245 2144 2232 4869 4432 7816 1729 3429 3084 5083 
8896 1597 4885  857 1830   63 4907 3983 4285 7157 
8721 8749 3574 7018 1820 3029  852 3306 5259 5641 
3942 7856 4138 6175 2726 8570 3991  807 1999 3427 
5890 7248 5024 7127 8105 3206 3542 9364 3542 7828 
6521 2263 2929 6447 5633 4749 9477 6485 4407 1088 
8479 8349 8944 2617 4524 8022 1187 4867 5182 9538 
4646 7424 6786 9671  904 1244 2877 4446  608 2771 
8626 7130 5034 1555 9929  668 2656 5758 3505 7063 
6846 8336 1765 2143  953 2641  165 8492 7509 1699 
4383 2155 9124 7521 8178   28 8765 7408 4474 5726 
 179 9453 9208 1566 1008 9137 8586   17 4896 2091 
3432 8094 6780 5197  237 7733 7839 6755 2578 1700 
8454 6961  207 7578 4482 8386 3958 9600 2146 8433 
5326 8677 4238 4534  243 1598   23 8829 1615 4919 
7273 1400 3014 4053 6597 9603 8138  788 6358  716 
8840 4813 4029 9048 8743 8512 3786 2702 4464 5932 
7487 9790 4609 1725  676 1205 3323  699 6386 1291 
5619 3659 2691 4985 4064 5640 4588 2203 2781  947 
9271 1621 2112 3301 7021  855 8165  807 3557 2629 
3091 7396 8771 4053 9121 9447 5258 8797  146 1644 
  88 5765 1656 9131 7102 2072 1123 1691  627 3904 
8990 9899 1878 1102 9552 8899 1957 7717 6059 1867 
6698 9150 9263 5469 9555 4737 4916 1165 3534 5062 
9162 9974 7180  818 9105  634 2890  228 2325 3518 
 485 7667 9769 2363 8769 9321 7614 7079 3390 3673 
5298 6440 9176  913 8261 8731 2002 3177 6249 5536 
4591 5411 1862 8123 6229 7319 8758 5471 3900 7435 
5341 4385 5103 1462 3100  224  783  714 3655  525 
4388 5305 3317 3564 6219 1578 8647 8221 1107 4896 
 110 2051  307 1972  174 2888 5644 5284 4712 9544 
2720 6405 3929 4175 7868 3381  751 5003 4095 4407 
1881 8483 6064 5198 8399 2283 3129 3399 6857 4236 
4647 3319 6287 4955 1643 2814 4195 7287 8098 5259 
3183  818 1665 3464 1345 5885 6845 2097  888  941 
2856 2769 5776 8920 4320 4176 7556 7449 3927  765 
8037 8574 4084 4325 9881 2079 3491 4077 9367 1589 
5688 2550 8760 3705 2367  105 9590 9212 8554 6831 
 153 1410 5952 5930  331  272 6458 7887 4073  385 
8652 2111 8959 9088 2788 8841 1167 6279 9270 6886 
4220 1310 5789 2980 5016 8156 9438  958 7368 7992 
7789 7522 9403 3742 9804 6086 4014 2614  325 4440 
9351 5329 6551 4662 4417 5691 9855 5584 1970 9125 
8823 6190 6788 4612 5523 8156 2768 4961 9114  136 
2953 6904 4010 8708 6998  166 1146 7364 2780 1471 
1804 2131 6800 4707 6794 7569  398 3001 9506 2368 
8479 8329 4911 5267 2941  434 3423 5709 5395 2537 
5845 4700 5793 6208 9761 9143 6374  907 6508 9155 
2379 4664 7638 5531 9372  784 3101 9770 3786 8959 
8491 2265 7288 3402 7532  229 3836 7307 2290 5583 
6196 4487  283 8342  695   44 7485 7070 7304  345 
6225 6035 5010  215 1566 4382 1000 1019 4152 4786 
6330 2643 3403 3618 2397 7287  199 6233 4594 8841 
8168 7142 3329 8452 5484 4024 4848 9322 1094 8504 
9667 3671 4539 4677 3887 2458 9059 1239 9829 9564 
2377 6160 8559 5780 6130  957 3067 6330 3542 4013 
1523 1711 7507 4852 6515 2992 8877 7715 2314 6323 
6220 8333 6347 7111 3011 6586 5921 8422 7825 5751 
7986  202 8263 2898 5982 4393 3855 5401 7075 3749 
5766 8599 1812 3273 3451 4679 2617 8680 2395 1283 
1356 4967 9617 7703 8430 2628 4289 4352 1050 2114 
 103 5389 8668 4718 8287 4650 9111 8494 6403 6187 
2243 8521 1138 4056 1794 4589 8735  764 9622 7482 
2047  978 8801 1664 8681 7232  644 9322 7936 8047 
7788 4391 3436 6456 9109 1723 1106 8220 6569 3861 
 759 8812 2382 1897 9220  528 2839 4308 1292 2461 
1790 3340 3439 6944 1356 8472  528 2001 7794 8464 
  48 1934 9207 9836 8390 8316 7911 5848 2888 4480 
9709 3648 3292 8443 5545 8865 8971 8384 3173 6616 
7197 1315 9956  636 8259 7664 5460 8787 6017 9606 
3603 2417 1540 2810 2253 9930 1126 6516 5778 4015 
 996 1839 4015  641 6634 5912 9506 5606 4297 2679 
2222 7846 3994 8530 8483 8606 6194  295 3745 2212 
9902 7349 4629 1442 6511 3235 7725 3990 9751 9855 
4357  748 8047 8372 7741 4681 4284 7247 6639 4933 
6278 8861 2780 6624 3743 7615 1582 6290 7910 5328 
8502 4164 9029 9483 5607 5540 9070 9684 9530 8822 
5891  239 5922 3938 8611 3663 8620 9248 7262 5259 
4181 3540  473 3313 6516  568  928 8099 6858 5191 
9779 1712 9355 8808 7548 1314  700 6618  998 6583 
5440 6890 6822 1362 7180 5434 1377 2152 4682 8639 
3764 5215 8531  589 8529 5048 1157 5809 9499 8016 
1000 9278 6080  356 4438 3628 1670 5138  247 9021 
1721 5687 2263 8544 3402 9443  330 4779 1596 1364 
9771 1712 6579 8302 2301 1460 9702 3458 7270 9201 
7826 4622 4831 3907 4978 5621 7535 3001  760 4134 
2022 8833 6174 4285 3729 9576   80 4059  707 8028 
5423  478 9740 8355 8781 2041 6167 8483 5500 3437 
4037 9678 8060 5220 3585 9390  842 7473 2391 1602 
1607  765 6787 4133 1402  517 3709 1483  928  769 
5863 2704 7599 5604 1059 2732 7645 7226 7568 9497 
7016 1605 5528 1428 3177 9113 7170 4019 2938 5914 
1973  898 6679 8761 5031 4434 9278 5093 2269  206 
5862 8132 2910 3461 3736  321 2546 7734 3900  114 
3583 7268 1719 9111 5048 1248 4577 2218 5268 3867 
8132 7241 4765 1164 2354 9797 5598 7984 4890 7867 
8191 7104 5999 7453 6917 6088 4127 9463  174 4379 
9577 3757 1647 7648 9221 6695 8897  150 5265 4165 
4017 3398 7758 8783  914  113 8580 6512 8097 9822 
 731 2640 6926 3082 6446 3843 5522 6925 9659 5696 
1304 9236 5806 9303 6885 5027 5998 2134 5177 1263 
2651 5546 1013  409 4329 8279 6874 9261 1143 1324 
9083 1874  316 2361 1309 6762 2557 6831   39 2216 
2528 1343 1452 4686  646 4689 9713 2996 6823 1242 
 612 9474 6788 7977 6236 7470 6257 3110 6731 7400 
 786 2167 5627 1103 4528 3288 4217 3437  119 4257 
5653 8999 5600 3458 3685 2599 8147 9750 5595 1323 
 992 6207  797 4133  537 3385 1603 6794 6496 8334 
 546 7282 6853 6173 4737 1382 9461 8955 4819 5933 
3212 6825 1284 5164  283 4970 7763 4782 1072 3359 
6105 8417 5918 3255 2550 6455 6640  505 9601 9488 
5191  148 6771 2045 2673 7860 9779 8487 6815 4598 
4420   27 7775 5704 5192 8058 7026 2955 2841 8099 
2666 8946 2868 4937 8553 5418 7744 5194 2275 7346 
4682 7466 3846 7805 9511 6519 5666 9290 5006 2481 
 241 5778 8861 8016 7835 4053 2427 1213 3360 1620 
5664 2379  566 8532 3668 9120  302 1412  666 2577 
5110 5348   44 8956 3154 5907 5476 5172 1550 6834 
7653 8143 2613 6514 2511  448 6919 4938 8013 6632 
6558 3678 5363 3477 2210 9031 8949 2513  443 9615 
5090 1906 1315 1486  862  821 3746 2690 5993 5296 
9525 9999 3439 8490 2865 2302 5290 6137 3593 3303 
2769  151 6981 8132 9980 9192 3515 5281 1705 3958 
4896 3147 2216 2564  986 3079 3385 4732 2121 5731 
  28 1646 5730 9819  136 4947 8473 1778 1084 2066 
5082  205 8570 2063 8337 8550 1255 1852 3832 9312 
2163 5080 8812  731 7644 9798 3810 1030  882 2284 
6761  910 3930 8843 7081  419 3790 5554 2197 4875 
7621 7279 1432 6191 5695 9770 1093 3302 7974 4925 
8967 6489 6358 7779 7221 4002 3929 7383 1384 4811 
9667 4497 2073 9950 9692 5506 6721 3483 1060 5270 
4710 5033 8902 6142 1224 4597 2264 8670 7899 6591 
9947 3218 3080 6305 7349 6653 6660 1278 4037 8044 
2441   56 8894  866    6 8586 6372 6727 8421 3785 
1998 3131 8818  900 5626 6395 1849 7890 5065 6100 
 833 5012 9319 3914 7670 6668  567 4330 4299  956 
2374 6740 1013 7620 3959 7371 6207  331  451 4628 
 468 2449 4112 5639 9701 9738 2034 7902 3980 3451 
4002 4814 4815 3321 5080 2485 9990 1999 6815 4289 
2956 5542 7381  321 3162 7692 7692 5721 4376 8143 
6702 4844 6944  814  483 2997 6904 8869  899  884 
2320 1254 2050 3488 4575 7130 5973  917 5482 9141 
1558 4790 1035 5292 5111  549 2984 2803 6271 7360 
7299 2973 2205  595 3787 9040 3593  691 7910  844 
7927  230 2098 6330   70 6674 3460 6044 3943 5294 
1537 5502   84 2572 7146 5195 3121  130 4351 5744 
3843 8002 5069 6048 8597 8856 1440 2190 5899 9350 
3035  179 5933 1485 6509 6003 4511 6321 8399 8455 
1616 9936  309 1700 8860 7455 3248 8334 3937 3951 
4078 7780 1953 9148  180  550 4356 1621 9093 6608 
 971 8480 3139 6904 9965 9648 9260 4477 2321 7659 
9284  289 3948 9593 8342 2808 3400 1590 1142 7337 
5541 1573 5118 7494 7073 1650 4396 1429 3271 3489 
4389  595 1969 7528 3851 1935 3528 3111 2764 5850 
 771 2048 6139 1071 1641  833 3879 1393 2423 1374 
8730 4316 2947  200 8162   20 1851 2559 7801 1474 
2400 2191 2069  722 6071 5921 9009 5952 5384 1773 
1802 2507 3821 4293 3578 1814 5127 7458 3207 3902 
5184 8289 8219 8131 8490 2733 4503 6693 1644 2304 
8167 4045  847 6589 4767 3271 8862 3776 9223 4246 
1901 7377 3106 2074 8022 6684 3888 3149  494 3447 
3404 5678 1736 7975 3809 6578  708 4664 3271 8705 
6969 7791 9102 4168  732 3869 7439 9594 3997 3014 
 192 2250  391 3298 4324 8414 9983 4564 7915 6829 
8011 1319 2508 6099 5646 2669 9030 2707 7334 8653 
1412  655 6444  514 1175 3528  735 8615 3122 1084 
1629 3315 9686 8373 2965 4010 6787 2948 4926 1054 
9778 2937 8726 8638 5388 4372 7659 4418 3431 4993 
3072 4843 2000 5868 1709 3176 9397 8796 8143 8871 
6232 6124 2186 5918 4497 5152 9928 7636 4452 1206 
8691  582  495 7417 5572 5884 8141 3232 6654 1573 
4577 6078 2768 6578 1947  830 9754 7696 9626 4249 
6567 5859  373 5106 1777 4871 6610 8058 8859 7414 
9264 7550 4349 9760 1319 9921 1996 5813 3153 8650 
7386 7731 4729 6506  661 3028 7336 6767  724 6963 
1016 3643 9174 7741 5101 7303 8964 1711 5361 7824 
5478  978 1726 9827 7090 3046 9748 9086 8859 9254 
4088 2597 3337 5169 9103 3998 8197 6440 7117 5273 
9755 4485 5269 8929 2226  370 6232 1191 8434 7946 
9015 3912 5276  741 3739 2366  139 3487 7804 5350 
2741 1892 7947 2430 7062 3403 6428 1611 6195 9897 
6885 5950 4382 8506 1231 6609 8876 3815 7800 7310 
1761 3167 1222 7037  260 4961 5755 6752 4801 3559 
2102 3894 5452 6402 6325 8866 9805 9105  477 6000 
9003 3714 8302 9737 2220 9533 6346 7449 3348  498 
4759 1462   17 2334 8499  278 3647 4255 7030 8448 
4166 5484 8695 9618 1886 5020 8484 8043  477 5314 
4043 5832 9028 8697 5570 1249 8230 8268 5050 7931 
8767 9809 9393 5136 8495 4244 5414 2143 4851 8796 
 591 9018 4281 9286 8636 2519  658 3473  563 7488 
8787  958 3320 4167 9656 5242 1768 4238 3511 6818 
2169 8630 6628 1562 3766 5123 5807 5533 3618  658 
4329 4210 9676 4962 9848 4665 7482 6859 4490 4397 
4347 3277 1707 7667 7444 7715 2910 9213 1954 2773 
2383  475 1403 9011 2038 1521  487 4197 7054 4105 
1207 1384 4667  884 6346  868 1901  180 7727 6391 
 929 2074 6020 2637 6093 9816  352 5355 5381 8658 
8128 7765 9134 9531 3128 7524 1053 9967 1721 4459 
 425 2928 5843 5092  164 8542 2312 8417 8722   39 
4808 6004 8465 7180 8641 4559 3349 5345 9914 8730 
4004 8043 2847 9490 3926 5976 7014 1331 2295 5087 
5791 2720 4367 7986 4165 4532 6528 6477 2949 1603 
2869 4110 7607 1334 7642 2600 5893  991 7945 5808 
9722 8301  203 8921 4143  481 1249 1157 1813 3545 
2596 3956 6265 6964 1942 6782 7848 8471 3260  797 
6426 6129 1259 4033 3815 8902 2985 9709 6245  930 
1869 5967 5584 8424 1241 9727 8905 2490 7237  718 
6035 9833 1026 8653 3149 2969 5435  997 7792 5047 
8147 4218 7528 9406 4603 1344 4660 7588 1053  906 
4870 9274 3225 6806 7698 4466 2886 2955 6957  123 
  26 9344 6308 1052 7997 9458 4021 3433  455 8165 
8480 8602 8735 6009 4361 3338 3705 9021 7278 4758 
6279 8501  384 9505 1659 4434  323 4545 7389 7280 
1020 7415 2977 7329 8468  974 6787 8841  759 3594 
7007 5592 2197 5742 7953 2910 5433 1658 1931 9063 
2768 4563 3916 3152 4068 1928 7586  743 6473 1327 
8024 7494 8743 7353 1175 3563 8327 4314 2404 5439 
7908 5763 1031 6457 7858 8984 9367 9643  642 7651 
5058 3410 2214 8975 2914 2634  903 6852 3377 3728 
8179 7753 7574 3274 5106 8749 6837 9786 3063 5594 
5225 7324 7709 2608 3781 5567 1592 9501 1562 8586 
7152 6621 8348 5718 1948 7614 4704 9203 4466 8081 
2931 8997 2187 6858 8624 3645 5607 5461 3431 5023 
7407 5008 2347 5117 7616 6128 7036 5560 5629 8599 
 498 9133 5220 8846 1203 3520 2812 5907 2723 7278 
3989 5654 2628 2528 2512 1252 6173 4472 3065 9605 
9495 6825  965 1842 1942 8582 4322 5330  494 6304 
 281  993 1789 1853 6191 2993 5373 9004 8900 8096 
2634 9241  103 5262 1769 8967 2866 7943 3439 5932 
3900 9286 2757 4865 7480 1051 9799 8155 6381  294 
4459 3015 7639 6248 4868  182 9241  242 9186 4494 
8338 8173 3735 4793 3435 5505 3761 6302 9800 3552 
8586 3700 2839 7695 8565 6671 8746 8365 4826 1479 
5011 9285 4494 2650 1886 9363 2832 7479 5957 8371 
1973 4295 6544 5709 5441 6331 7566 9202 8985 7366 
2754 7571 1066 1945 5266 9631 8617 4012 4348 3443 
1844 9359 9081 2690 8361  967 2053 7546 8446 8010 
5917 6772 8658 8813 2481 4099 5144 6399 9653 4130 
3765 8759 8053 4831  705 3320  814 9322 3684 1515 
9117 5528 7226 8198 8219 5588 9165 6624 9486 3964 
 987 1755  736 5997  568 9569 6448 2064 5968 6101 
2546 6085 4860  600 7268 5565 3920 8082 1239 3956 
5949  357 5837 3176 4907  408 5116  425 3384 4602 
4389 4371 6357 1477  368 3277 1046 3168 1693 3366 
9269 4240 9451  482 1192 6719 6047 1464 1153 3639 
5420 7103  348 1257 6631 5255 8017 1747 5680 1402 
2701 6421 5773 5410 7898 2494 5039 5296 5662 6732 
8662 1284  972 4465 1766 8516 1184 4165 9980 8690 
7804 5401 2145 4504 3010 8776 9760 1028 6875 1792 
2430 9576 4566 8203 4986 2464 7049   25 4113 2712 
3109 9127  348  434 3593 2114 8950 1129 6279 8931 
9819  436 4332 1964 4940 7342 7092 1052 4722 3967 
2845 7152 3543 7411 1708 4881 6227 8757 1258  340 
7821 4368 9468 8169 4802 9413  283 3752  542 2915 
2683 6714 3351 3367 8678 8291 7062 2123 9344 1784 
6090 8541 5289 5986 2304 6997  867 8531 2106 2126 
5224 9928 6494 1044 4449 7648  457 4733 7752 7351 
4000 6788 4065 7351  155 9096 5642 3569 1219 1338 
1706 7309 6231 6995 3295 8535 3992  515 3419 6098 
2641 8643 2378 5487 6039 6828 9487 2848 7913 7239 
 199 1913 4027 4265 9264  535 9713 1258 4104  932 
2597 5810 4593 5180 2805 7889 3716 3149 4756 7135 
9248 3749 2130 7978 9236 4521 4806 5075 7369 2719 
2314 7568  984 6342 8185 6600 3229 7898 7859 7333 
8830 6808 9496 3424 1988 8653 7665 2056 1803 8773 
9191 7403 2522 7673 5381 1758 2194  188 3185 9563 
9259 5499 7132 6596 8193 1669 3196 1422 9568 1055 
5108 4750 4215 4604 4526 2556 3257 8543 4612 1412 
7316 3804 8815 9838 7829 4197 7948   24  737 1133 
5939 6348 2985 9423 9296 1178 1093 2493 8953  661 
9900 4061 1763  468 5017 6290 3024 4626 4833 7636 
6039 8502 7792 4854 8340 5622 5403 2641 1998 2492 
3774 7937 5193 6759 7361 4489 4290 8454 6982 3243 
5467 3235 3656 7230 3703 8673 9872 6727 3299 4706 
4363 5690 3208 8508  545 7900 4130 2300  541 2480 
1145  668  417 6338 3779 4130  827 8069 2584 4162 
7664 4403 3749 1320 7986 7452 6345 7858 4179 9645 
8916 4894 5335 8476 9754 2232 2729 3884  885 3270 
2716 2030  290 3134 4720 4070 7264 1899 2139 6201 
6061 6156 6956 9810 7476 4942 3614 3822 9153 7793 
9819 8069 9040 1506 6546 8794   91 9275 9031  976 
8897 1747 9358 9188 1233 4078 9610 4850 5977 8101 
1051 8391 4257 8007 4553 8086 9302 8168 1908 8455 
2313 8079 6524 1353 5937 9422 6500 6028 5049 1883 
3356  299 3630 9066 5839 1216 9496 5449 6066 5474 
3550 3469  217 4160 7828 4770 2246 7130 9290  506 
1937 1604 4937 4814 9309  874 4236 5809 3255 5638 
7692 2963 2289 7675 8382 8128 5243 7878 9929 1309 
9704 9831 4778 9921 3991 8958 1044 6237 2441  334 
3095 4378 8290 8032 9192 7600 8907 9781 9761 8514 
1771 3806 7829 4060 7833 6211 8540 3076 4090 8469 
 737 3794 8300 1867   68 8644  825 1112 1233 3266 
7798 4329 7645 2441 2361 3189 6393 7620 2970 2506 
2486 4741 6312  316 5153  497 6527 3693 3573  617 
2162 4310  764 6815 6177  832 5459 3355 8296 6692 
6621 2446 7373  618 4887 6087 3808 1280   59 3130 
3787 2546 4224 6451 2862 5729 6949 5741 9423 6874 
2711 7937 7537 3475 4752 3714  659 6563 7069 8955 
9608   43 7753 6981 7013 2641 3068 7173  273 3128 
 304  412 2026  880 6864 1240 6609  165 6981 2384 
3391 9692  322  928 9519 1426  995  178 4342 8064 
9133 3950 4459 3239 7283 1473 5880 6704 8646 2505 
6184 5302 2918 8210 2534 6134 9450 9144 6299 2783 
1528 6042 2476 8202 6971 1995 9629 7966 8526 3971 
2382 4011 4273 6842 7250 1556 4667 3130 4612 9665 
5636  796 4968 4906 5358 3854 1040 4808 2998 3691 
3944  879 9733 2772 5433 3056 1119 5062 1022 9645 
5385 3405 3657 6010 6599  907 3919 7618  390 8531 
7283 2378 5680 8603 7284 1038 2458 4676 2199 1808 
4719 6143 2687 4452 8915 8121 3861   34 9535 4883 
6032 1273 4640 9689 3635 1239  596 7554 8857  986 
2438 2493 3364 8118 1096 7000 9156 9906 1676 1355 
1715 6395 3850  754 7200 9117 5227 1061 5504 4763 
2296 1536 2388 6937 1225 6023 4528 8173 9930 9738 
9160 2368 2231 8876  486 9679 2229 5994 9586 3905 
3702 1301 6653 7552 8407  205 3022 3635 7618 8526 
4750 6266   62 7138 3203 7639 9513 4084 5812 9443 
3822 1324 1811 2405  201 8649 2084 8782 4644 1670 
9039 4698 9323 2044 8602 4083 8601 1624 7718 6219 
 150 2468 8838 6564 5958 8393 4203 5471 2477 6368 
1267 2651 7692 3078 5056 4245 8080 7141 3027 9076 
5163 2067 3774  839 4111 2376 4922 2713  353 2640 
5284 6855 1460  474 3420 7418 8868 3975 9241 1345 
 343  508  349 8036 3587 5405 8633 8019 2546 1661 
7095 4062   80 7221 1253 4191 5949 6175 3256 6302 
5167 4893 9510 6627 5367 2930  397  587 3257 9638 
8285 9953  147 8634 7989   86 4039 2974 8105 2938 
4635 1552 7000 4715 5125 8253 5259 7426  780 4867 
  81 2299 6112 9591 5278 1480 8873 5675 2067 2130 
5313  352 2083 1812 5338 6424 1898 9378 9399 6355 
2316  386 4259 5668 1454 9384  273 3065 6811 1053 
4284 6892 9704  397 2835 4982 8229 1708  657 6648 
 190 2322 3353 2274  487 8691 5050 8737 8069  801 
5093 6737 1188 5704 2405 2642 1441 9030 2059 4604 
6435 6343 7848 6139 6740  683 1121 4969 2391 8130 
7970 2581  453 1323 1207 7292   14 6258 6029 4436 
7059 7474 1173 4599 3179 9931 3593 4620 8961 5652 
9224 5397 1996 7072 7888 5088 7755 9010   58 6498 
7140 8028 5431 3945 5703 6639 1237 5717 9249 3619 
6505 2660 1093 4031 7260 4272 3962  853 5244 9275 
6506 4468 1024 4854 7892 8913 9942 1999 7923 6352 
4849 1415  732  281 1713 6435 6920 9302 8505 2521 
2921 5010 5181 4015 9041 2441 4639 9355 9647 9884 
8631 2505  704 9655 7359 8597 8568 3653 6948 2843 
   6 1798 4259  738 8431 2324 7174 5351 1626 2031 
4224 4548 3393 9405 8563 2435 8199 9554 8142 4198 
9438 6773 6703  143 2781  414 5092 7701 4067 8392 
 545  425  190 1156 1164 8621 3480 4690  324 5106 
6721 4548 6006 6466  306 4569 8901 8505 4124 3396 
9055 9914  169 5758 6409 9302 6172 1501 7004 6591 
6246 3901 7017 2788 1409 4533 7762 4889 9223 8086 
6347 2296 8987 2354 8762 5645 3275 4016  502 3751 
7412 9557 3666 3933 5315   75 9588 7839 7929 6592 
 782 4175 6845 4151 6963 8254 8684 4725 9495 4259 
9164 5842 6555 4503 8196 1670  148 7824 2038 7002 
1575 9450 6559 1593 9735 8226 8021 9323 2417 2302 
2267 9551 6477 5464 3703 9792 3718 2387  870 3213 
6647 6386 9056 9554  889 3604 1224 7389 7780 3262 
 743 9356 9064 7302 7301 5152 1880 5322 4475 4297 
7624 3095 3848  453 8559 3903 6598 2278 6291 3820 
1843 9290  206 7251 5196 7447 7208 6421 4836 4988 
6035 5579  696 1452 9233 7998 6604 1113 9672 7431 
1762 3649  526 1962  454 5438 5866 7052 7716 8509 
 872 5911 4151 1078 3163 9347 4877  371 2120 9713 
5359 8156 1644 6056 5960 7229  406 2564 4694   78 
9995 6456   79 6874 4771  534 2312 6989 7586 6380 
5498 4811 2291 9649 2241 1806 5348 7119 8529 7469 
3184 3889 1977 1181 6297 7937 8410 3055  501 3105 
9485 6848 5913 9565   74 7036   99 2386 4025 7685 
5118 5875 8848 3762 1876 1090 5568 7225 8209 4098 
4694 1393 4339 6671 2574 6988 4608 7337   43 1461 
6794 9528 4661 2707 9093 4736 9744 9192 3474  121 
3230 8593 5997 2078 8707 7873 9520 4275 5098 7729 
4725 9792 5475 9064 2815 4401 2404 7423 1738 2447 
5236 8532 8328 9898 7592 3773  986 3688 9318 4460 
3809 2548 9405 9806  978 8112 7680  499 8740 2778 
4580 3465 8923 6407 8882 8090 7161 1286 1866 5251 
  86 7102 3784 8414 3352 7728 2187 4338 1416 1505 
5151 1577  405 4556 1384 7736 9021 5416 8235 7761 
4546 9167 1226 9821 1927 6460 7912 9088 7747 9778 
4339 7833 6880 4475 2599  233 8555 4786  923 9971 
2644 6074 7901 3049  631 9285  785 9652 1053 5372 
3765 5599  892 1343 5421 9171 7804 3333 8259 5551 
3111 8950 9736 6343 3426 2335 2928 1981 3473 3852 
8305 6117 9926 2558 5519 6909 8195 2656 2913 9248 
4381 6678 4847 1625 8022  268  796 5826 9953 5407 
7729 9416 4357 7465 5760 4135 6152 5040 2469 9625 
8892 7126 2095 5171 9684 3966 2080 7879 2974 1346 
7127 7355 8024 8326 5332 2398 4947 6128 8224 4900 
7887 2305 4317 2245 9770 6429 2732 2274 1469 5201 
1900 6714 8679  347 1885 4715 4313  317 2594 3639 
1663 6073 7347 6040 4400 2679 8438 5699 5160 3015 
 599 3047 5320 1268 1644 1443 4049  729 3717 1871 
2282 1969 8585  962 8668 6822 5677 9333 3491 4624 
2973 5155 7049  320 7547 7801 2999 2337 3500 4511 
5352 4100 7559 7025 1720 5555 8468 2122 6284 8537 
3993 8567 6859 2578 5881 5527 5752 7910 4861 9243 
2534 4186  750 9584 4506 8297 7385 3857  635 7238 
4721 5987 7690 2280 3012 9410 4187 7832 1532 6824 
6370 1877 1743 3229 4455 7624 5108  207 5534 6321 
5803 4421  507 6553  357 1365 4851 4094 1575 1838 
1332 6296 7825 9022 4928 7190 4785 5467 1374 2669 
2291 4096 4547 4034 3677 5354 1658 8786 1914 3545 
1459 7717 4318 1967 4270 4675 9684 5473 8769 7611 
7311 6454  259 1489 1828 5187 5031 6613 7007 6405 
9283 9298  502  182 3333 4179 5536 1343 9317 7450 
1240  777 1519 5558 9096 5790  233 5132 1263 5355 
2744 4927 1809 9355 6416 3637  895 1447 6603 7902 
7852 2238 7200 4706 2420 6885 5238 4308 4581 4555 
8111 5821 1684 9630 1380  780 1772 1613 5913 9388 
3320 5009 4315 5129 4364  731 5119 5259 2178 1722 
3161 6382  312 6714 1089 2732 3599 6327 7040 4532 
7234 1503  354 8919 1134 1734 6051 9258 9699 8316 
8646 9372 3325 2961  853 4042   44 5972 9301 8574 
4046 8815 4957 4358 1881 2398 3442 1832 8725 6835 
6365 2311 8338 6719 1230 5824 4805 7282 5083  856 
5598 3729  228 5276 3043 1082 9318 3087 3406 4971 
1662 7453  138 2971 8163 2019 5369 1606 3852  446 
4793 6569 2757 3131 3288  340 5308 4445 3974  391 
5301 5924  472 5530 1200 9867 6612 6870 2955 6370 
8194  969 3823 8332 3940 8339  352 5661 6297  556 
6107 1090 7125 8864  573 6765 9204 5881 1210 3178 
2624 6511 5455 9449 8393 6655 9316 1357 9878 2271 
7728 8072 9592 7903 6404 9884 6242 3108 5545 2539 
  16 1652 3629 3493  517  555  258 6073 2788 1468 
5604 5413 4332 1059 4862 9077 4066 4178  435 3944 
2802 8163 8368 2394 6066 4773 8631 8661 4233 4176 
1200  602 5829 1182 4095 2698 1737 4354 5123 4525 
2174 7079 6290 2858 8138 1152 1936 8557 1683 2371 
8853  837 6886 7222 9583 9304 8347 8214 7965 2580 
2391 5518 3182 4572 6700 3630 7270 4789 7984 8745 
9314 6510 5825 1957 9369  315 9461 7657 8872 1144 
  28 7726 8333 3266 1300 7917 8922 9647 6131 6888 
8579 4874 2406 8114 9446 5458 1744 3068  247 6080 
1814 5913 2590 3991 7870 1959 4306 7332 9616 3179 
4828 5996 7257 3162 5614 4909 1079 4537 4556 3562 
7777 3135 8437 6535 7601 7883 1993 9345 7304 2240 
5425 5470 8153 8016 9461 6024 6327 3767 9708 2296 
3298 4536 4644 6907 4050 6611 1816 1481 1148 6372 
5044 5277 5860 9833 1812 3461 7716 3805 9159 1372 
6045  936 6842 4198 5304 6303 6574 1632 6423 6282 
 280 9721 7171 1276 2981 1221 7887 4797 2703 5387 
7522 4099 7016 9734 3932 8828 9547 8000 2633 8706 
9373 5030 9643 2567 5581 4947 8871 2155 2931 1646 
4790 9563 1367 1961 7192  700 9534 5079 5498 8589 
6819 9372 2688 3835 9106 2972 9016 8653  973 1649 
3712 6698 6680 3355 9265 8613 4654 4488  768 3938 
6134 5558 3501 3854 3871  693 4554 3406 2125 6404 
8347 5296 5776 7388 5483 4882  360 4499 9888 7685 
6149 3600  735 9181 3307 6353 7794 7961  841 4914 
8251 3328 6825 1753 3534  696 8798 4440  454 7275 
 845 8802 2571 2973 6190 8055 4208 2902 2554 4096 
 588 5055 7696 1323  588 1003 7676 4734 5316 4870 
9649 3568 4550 6474 1673 8084 3522 6823 8876 3977 
4099 6073 2779 3022 9047 5321 7429 3255 8223 9984 
7351 5163 1391 1399 6487 1980 2402  515 6714 4070 
1737 2715 7638 6287 9189 5663  723 2712 2487 9600 
3041 6586 5673 2172 9608 1072 7493 3390 4327 2068 
9726 8030 7232 1117 9429   71 9449 8183  586 2516 
8606 8676 5231 6244 4963  773 8260 2039 9837  747 
7991 2878 7333 3664 5050 3293 1089 8895 6683 5416 
 963 6409 9799 8195 3879 5580 4618 9680  116 1557 
2196 8722  233 3780 1318 5196 4553 9578 3587 4390 
 325 1578 7268 4010 5243 2318 3656 2684 1213 6691 
4452 8528 9453 4251 3076 3332 6184 7694 3012 6300 
9251 1561 1374 9484 5341 2692 1033 9894 8623 4620 
 636 5300 6199 7904 5663 7794 6574 9319  478 4139 
6010 4930 2667 5463 5534 5743 5147 1718 3438 4512 
8018 2689 6073 9392 8526 1414 8436 9559 7660 3411 
4179 8296 8712  378 2552 4375 4524 9126   46 5002 
3265 6056 6285 2284 7872 1819 8028 3019 3537 7818 
3883 1555 6859 9956 7299 5385 7722 2087 4944 5382 
5499 5476   30  563 5854 2582 1290  379 8060 1336 
1733 7677 3744 8018 9962 7968 9837 4342  988 3374 
8512 4871 1281 5371 1180 4932  757 8902 7020 2053 
 637 8871 7529  667 5786 9736 9602 7076 6467 7662 
4764 8200 5340 4860 2571 1654 2829 8760 5996  169 
8487  860 1392 9768 6231 2572 1053 3340 7827 8073 
1746 8464 3296 9275 5483 9082 9011 5085 6158 1830 
9100 7274 6383 4440 2134 8954 2446 4963 4066 4794 
5132 2553 5654 6525 8674 1885 5449 9727 1578 3276 
7800 3324 1740 1096 2599 7224 6530 7963 8661 9040 
6145 7761 6314 2528 8553 8448 7834  999 9764 1901 
5793 4896 4454 1447 7773 3128 9685 3223 2855 1263 
6499 7007 4587 4592 4455 3538 8168 7337 7853 6829 
6377 3999  943 2691 6527 5848 7492 4362 6848 7256 
2615 8993 2152 7069 6793 6278 6550 2830 9501 5757 
4093 2352 9117 5032 6944 9924 4922 1464 7262 2776 
8294 3639 3127 5589 6331 6006 1437 3823  368 4637 
1079 9335 9983 9583 6405 3128 5861 9307 5958 1714 
5064 6403 4067  533 1435 7363  458 2709 8828 7720 
5485 3474 1359 4964 5415 4042  971 3204 4217 7691 
4194 1648 7027 4177 1232 3432 3657 3445 9091 9615 
1512 4155 6018 5579 4689 3805 9294 1499 6514 8122 
9219 2000 7948 6930 3316 3363 7325 4287 6568 1542 
1979  762 3191 9006 1291 4423 8790 4948 4220 7881 
 915 5732 8388 6933 7663 9429  738 6958  928 7252 
1432 6499 5604 9381 3430 8921 9096  755 9560 2016 
8649 1539 9130 1840 6897  421 2615 5687 1721 3188 
3568 2636 8920 1957 5921 6584 1386 6659 9894 8667 
 264 7678 5166 2220 7059 4948 7493 2508 2055 7054 
4524  705 8593 3655 8897 5491  428 1513 7530 8502 
1053 1099 7490 9973 9408 3412 2909 7146 6423 2803 
5813 3039  482 7332 5260 3893 8632 2753 2753  688 
6159 7278 7745 4753 7285 6642 6596 7713 4507 4126 
6215 5560 1577   58 1886 7337 3470 4795 4484 6245 
3951 6649 9285  785  333 4545 1030 8966 3650 3784 
6006 9810 1062 3751  915 8347 6745 3863 2412 7605 
4341 4980 3165 5919 5038 1403 9608 4860 6199  444 
1105 6502 7094  390 7287 3779 1287 8317 2745 4938 
2101 8751 1100 9515 8854 2015 4214 5600 2230 2979 
3205 6571 4311 2722 8842 9349 4126 8451  561 6677 
8895 1666 3179 2341 8409 6818 6121 9696 1487 5218 
 986 9941 3970 2086 9456 9176  453   23 4776 2683 
3002 4333 9255 3665 3408 4449 3014 3886 2900 3575 
 563 1796 1593   94  489    2 3264 6610 9699 4751 
1829 7037 4692 2151 5476  501 1327 2281 6876 2456 
4965 6230 3141  572 9895 6549 5021 2909 6787 4274 
2836 7350 2422  781 3796 2911  784 7060 9522 6835 
1812 7703 3872 2856 6206 5700 3357 3885 7982  233 
2693 2947 6463 5835 9871 6358 8736 1244 5619 5524 
5518 4807 9226 7940 5589 3023  852 2725   83 6726 
9560 8247  781 9784 1104 3339 5485  813 7224 9819 
7399 9918 9118 3862 2105 8989 6573 7193 6585 8544 
2717 2104 9704 8296 6396 1645 1319 3600 4370 7754 
 326  282 2354 7459   66 9810  798 1903  623 4375 
1722 8022 4293  840 8237 6398 6181 1162 3591 2767 
6058 2661 4871 5762  957 7619 7407 8628 1220 1777 
2734 7898 2059 5088 5358 8478 1250 2508  381 1874 
6883 8456 6248 7528 5648  837  278 1830 1999  222 
 949 8058 2883 5820  172  192 9791 7580 5172 1011 
9357 4258 8910 7769 5699  620 6247 6949 3128 2980 
8823   12 7788 1424 3892 3437 2261 4171 5267  613 
4393 6216 8671 7276 8388 8843 3820 8179 2775 5344 
5543 8485 9602 4453 6254 5301 5073 8853 2251 8201 
8185 7426 4565 5974 8850 8458 9411 7464 2629 1030 
8077 3374 3598 3100  650 8338 8295  822 6517 7423 
6166 8412 5908 5768 2865 8514 7422 7938 3719 9673 
2492 1904 3451 3409 7878 8654 8219 3641 6118 7200 
4671  547  574 4621 9999 7576 2959 8294 4750 5829 
5717  916 4241 7977 3037 7107 6491 6811 1397  210 
2836  241 2115 6287 3651 6345 4941 8222 6339 7411 
1775 7362 7958 2349 1984 7957 6278 4943 2604 1028 
 772 4673 8297 5014 2651 7686 8473 9142 4497 9870 
5705 7333  112 4172 9972  115  517 1266 4689 6856 
8677 6464 4219 2988 8814 2555 7297 1444 7498 9901 
8824 4623  927 7121 9637 3578 1159 8110 9072 5656 
4332 1129 9341  796 5301 5666 7263 2171 6932 1953 
5379 5609 8417 9598 8597 3583 8505 5895 5027 6004 
2148 3852  627 3075 7325 6616 3005 8485 1078 8430 
 493 5410 5911 6187 2559 1213 1853 9822 3384 8785 
1775 8763  746  193 4714 9344  128 3219 1591 1508 
9223   91 1712 6202 9519 9037 2818 8876 7522 3896 
3658 4368 5659 9570  555 8218  783 8760 4392  519 
7545 6168 9282 8291 2713  348 3987 9193 3568 1930 
 701 9143 2022 2413 1698 1541 1451 4516  417 5325 
4765  428 6045 6776 9998 6600 1346  781 5360 5738 
7652 9257 8258 6934 3901 7323 7283 7888 6517 7203 
9819 7218 2698 8193 5984 4396 9734 7435 5265 6503 
9112 6382 6931 5158 3158 3281 8110  856  414 9823 
2946 8066 9080 1205 5001 9333 8528 8636 7222 1397 
2191 3393 4968 4889 1586  952 5638 7672 8387 7255 
 527 3851 3637 3811 5361 3147 7092 3472 4003 7507 
9647 6949 5573 5079 4506 6926 4413 3035 1914 7987 
 784 4105 1380 5752 5347 9318 6704 7337 3342 1443 
4592  221 5295 8229 4032 7008 1376 7477 6832 1731 
1336 6479 8680 3261 7911 3187  188 2324 2574 8454 
6663 9710 2560 8043 5463 4259 3713 2167 1596 3407 
9963 2540 3628 1610  769 4013 8618 8497 1490 5451 
 228 9178 1930 5260 2439 9841 4799 2627 8517 3725 
1082 5180 3436 9994 9575 8899  605 9640 7418 8553 
3047 7381 1093 3028 8991 8214 7041 3962 6711 8531 
9413 3291 7709 7695 4903 6500 3889 9703 9128 8758 
9780 6562 3939 3216 2908 9866 8467 3513 9507 2238 
2066 8906 5971 9511 1934 1315 7725 8975 5277 4436 
3858 4690 4079 7919 8737 8982 4420 2626 8685 9900 
7737 8466 2814 1676 8034 2074 7894 6502 5587 7401 
5092 4005 2660 1063 3516 4594 2378 1241 9922 7655 
2029  132 8697 6108 8052 3787 5090 8824 6413  128 
5076  502 4946 7890 2178 2980 9964   73 5834 1903 
3826  926 2260 2838 8342 5776 7433  720 3369 3707 
4728 5398 3839 9777 1506 8243 3564 2948 7067 6330 
3076 2143 6832 8022 6385 9011 7355 2701 5436 9541 
 956 5614  468 3216 8453 8810 5344 2238 5882 8713 
5945  610 4111 9784  388 1969 8028 3952 4918 1447 
6634 7994 9943 3467 2369 2680 8830 6076 5382 4266 
5617 2690 6232 6085 5907 1037 1247 1251 3275 3482 
9965 5572 4092  428 1709  832 2398 9737 1137 7316 
7536 7771 1662 7479 1238  383  160   68 6459 1894 
 686 8429  936 3271 4514 6843 4308 2114 4447 3936 
5596  764 9508 6040 7544 1217 3225 9942 7306  714 
3610 1195 4837 1625 8674 6076 8360 5186 2496 1172 
3432 9535 9601 4369 9158  467 7564 9818 2581 2011 
3754 4529 9127 9615 6922 6672 7184 6499 2966  843 
7213 6577 2038 2050 4554 7064 4478 2914 2251 3327 
4086 5683 9214 3687 6404 8372 4155 3969 4542 3088 
2332 4649 3970 1460  616  892 8132 7800 7391 1098 
4995  956 4027 7033 3006 8581 4098 3837 7848 2701 
7164 8286 8384 2730 1974 1141 7454 2481 5110 1996 
1921 7442 6645 5891 5254 7261 3135 9738 1414 6878 
7189 6409 7834 1216 3443 7193 6150 3893 1030  350 
6594 4546 8636 1330 7276 6962 2471 4730 5795 3933 
6726 7717 7728 9724 3608 2982 3337 3096 2721 4751 
9974 9910 7513 7809 7478 7308 5002 9980 1201 2384 
 330 7795 6930 8967 9125 4206 2281 7949 5288 8077 
1882 8366 5794 9610 8090 5754 8945 1428 8850 1666 
2531 8825 7928   44 2986 1758 7352 4340 1739 4905 
6724 8421 2700    6 7388 8178 4212 6022 2479 5852 
4099 4361 4218 9893  324 2309 1999 9269   89  850 
7287 8972 6027 1567 9017 5365 3325 2721 9705 1416 
7627 2781 9838 6679 2787 3578 4857 3351 9600 7336 
9203 3699 8050 9773 9944 8374 2082 1944 3995 8523 
9146 1282 7496 1525 9201 2865 6890 2526 5586 2947 
 295 9565 5728  133 6245 4867   63 7454 4570 6016 
1143  125 9715 9193 9898 6012 3919 1981 4308 4266 
6856 3454 5548 4352 4979 1101 3569 8221 3627 5508 
1168  274 5073 3248 6759 7670 8115 6823 5125 2685 
2839 2620 2810 8906 8165 2708 4918 2084 1041 5578 
2702 4250 5384 4602 4954 6715 5703 8524 4936 5682 
4032 6104 5957 5457 5704 2716 3128 3819 9539 4605 
2856 8730 7225 2018 7637 5390 4727 8907 3826 2120 
4486 6528 2722 6222 1130 7677 2938 6833 6201 7874 
2515 6585  331 4824 2042 2387 7541 1522 6207 3432 
6127 9063 2163 9704 1082 6152 5094 2161 5059 5272 
 633 5897 8152 9708 2120 9282 7385 1410 2467 9938 
5636 1335 2875 5967 6159 1269 4707   52 2792  914 
3485 5271 6329 2000 4976 3763 8152 6422 2276 3211 
1695 9262 5461 9847 8970 7581 5482 6355 8991 7949 
2645 4627 5636 5520 6947 8148 6789 1654 8200 5933 
8920 8037 1205 1601   37 6181 5365 8189 2603 7641 
7753 4298 3255 3214  498 2225 7147 5980 4932 2490 
 281 7577 3469 5918 3097 6768 4066 6239 4774 8618 
2172 3694 6656 3377 1648 3045 5910 7013 7587 8514 
1006 5340 9164 4262 4906 9662 2839 8405 1994 7772 
7247 2276 1701  716 4546 4799 3837 4964 7390 8611 
3582 9562 8658 6590 9292  306 9636 5202 3671 3575 
  68 4677 8915 9233 5291  173 5247 8131 4930 3594 
2255 2177 5870 3956 2893  416 5107 3082 5380 2497 
1694 5314 8412 6704 1905 4056 7010 7893 9258  681 
1468 9327 1710 6735 4912 3354 3260 6511 7837 8190 
 105   92  367 2327  400 9612 2743 5508 2695 4475 
4357  741 6142 9121 7445 8047 3177  807 2292 2436 
7840  112 8115 9550 6847 9379 9256  107 5890 7093 
4649 2348 3537 5016 4675 3938 4628 3771 5798 3675 
4598  155 4416  740 5629 1861 5139 8806 2668 7431 
7594  508 7543 5709 6411  742 1440 5667 7201 7331 
9113 1850 6031 2650 3218  706 2940 4199 4477 8738 
7874 5428 5246 8643 6168  875  504 1308 6033 9525 
5091 3628 6385 8987 5689 9148 9729 7130 1168 3283 
4461  281 5133  492 2931 4704 7550 2224 8903 8380 
 962 3129 3808 2560 1772 6328 3435 8629 7636 5821 
8154 9080 9449  891 8067 5138   40 7796 2268 1208 
7431 3081 1489 8917 9925  772 3621 7476 2996 2524 
2208  311 5653 6016 2871 3778 2344 2659 2407 6333 
8480 6913 5413 4281 7804 3480 9419 7844 7628 8040 
5404 5060 1121 3245 3977 1047 4018 3950 4875 3366 
6474 7083   29 8479 9451 9253 8609 8147 8264 1016 
 832 6744 7929 2597 1025 2086 2429 6796 6282 6410 
4836 1687 7822 2310 4932 1799 9709 5302 2101  936 
5021 4927 4371 5050 9758 3822 4303 8368 8321 2567 
5736 5506 5663 3666 8103 3040 2104  533 9837 8386 
6943 1025   73 4765 9687 1358 2916 9396 6660 1369 
